1 965 1.0
1 103 1.0
4 1508 1.0
5 1191 1.0
6 1509 1.0
11 233 1.0
14 651 1.0
14 882 1.0
14 1510 1.0
14 1511 1.0
14 1238 1.0
15 300 1.0
15 508 1.0
17 1184 1.0
19 1440 1.0
19 1184 1.0
25 1178 1.0
25 59 1.0
26 1512 1.0
26 73 1.0
26 1513 1.0
28 964 1.0
28 297 1.0
28 1105 1.0
28 1397 1.0
28 435 1.0
28 891 1.0
28 1060 1.0
28 1349 1.0
28 988 1.0
28 1434 1.0
28 402 1.0
28 545 1.0
28 1158 1.0
28 1146 1.0
28 508 1.0
28 968 1.0
28 128 1.0
28 1480 1.0
28 567 1.0
28 715 1.0
28 187 1.0
28 627 1.0
34 1376 1.0
34 636 1.0
35 319 1.0
35 1228 1.0
37 482 1.0
37 1515 1.0
37 271 1.0
37 794 1.0
46 1032 1.0
46 1517 1.0
50 1405 1.0
56 238 1.0
57 964 1.0
59 25 1.0
59 732 1.0
59 774 1.0
59 1521 1.0
59 1522 1.0
60 181 1.0
60 262 1.0
62 1523 1.0
62 1173 1.0
62 408 1.0
62 1273 1.0
65 1146 1.0
73 26 1.0
77 1525 1.0
77 290 1.0
78 1152 1.0
78 738 1.0
78 1071 1.0
78 1248 1.0
78 187 1.0
78 314 1.0
78 425 1.0
78 354 1.0
78 862 1.0
78 841 1.0
78 781 1.0
78 281 1.0
79 508 1.0
79 682 1.0
79 1186 1.0
79 627 1.0
79 964 1.0
79 1527 1.0
82 207 1.0
84 1054 1.0
85 42 1.0
87 861 1.0
88 128 1.0
88 402 1.0
88 508 1.0
88 1529 1.0
88 409 1.0
88 297 1.0
88 1286 1.0
88 627 1.0
89 108 1.0
93 1494 1.0
94 1251 1.0
94 1532 1.0
94 1291 1.0
94 1231 1.0
94 1020 1.0
94 95 1.0
95 94 1.0
98 187 1.0
98 711 1.0
102 1504 1.0
102 367 1.0
108 1414 1.0
108 498 1.0
109 1490 1.0
113 508 1.0
113 1343 1.0
115 737 1.0
115 552 1.0
119 508 1.0
119 627 1.0
128 297 1.0
128 1159 1.0
128 1413 1.0
128 28 1.0
128 88 1.0
134 435 1.0
140 964 1.0
142 513 1.0
142 1206 1.0
145 22 1.0
145 263 1.0
145 1354 1.0
148 342 1.0
153 1287 1.0
153 897 1.0
153 371 1.0
153 1330 1.0
153 360 1.0
153 432 1.0
153 805 1.0
160 299 1.0
160 824 1.0
160 271 1.0
160 1297 1.0
161 1397 1.0
161 1033 1.0
162 1434 1.0
162 1536 1.0
163 1537 1.0
163 643 1.0
164 583 1.0
164 498 1.0
164 1414 1.0
164 751 1.0
164 360 1.0
164 515 1.0
164 432 1.0
164 1287 1.0
165 187 1.0
166 627 1.0
167 1215 1.0
167 629 1.0
170 1539 1.0
172 1540 1.0
173 871 1.0
181 262 1.0
181 60 1.0
187 1478 1.0
187 220 1.0
187 494 1.0
187 1021 1.0
187 508 1.0
187 904 1.0
187 1419 1.0
187 715 1.0
187 590 1.0
187 311 1.0
187 964 1.0
187 165 1.0
187 1397 1.0
187 1503 1.0
187 98 1.0
187 1360 1.0
187 401 1.0
187 988 1.0
187 477 1.0
187 28 1.0
187 781 1.0
187 1349 1.0
187 1326 1.0
187 551 1.0
187 149 1.0
187 490 1.0
187 1105 1.0
187 396 1.0
187 78 1.0
187 627 1.0
187 1531 1.0
187 1136 1.0
187 1480 1.0
187 306 1.0
187 1434 1.0
187 435 1.0
190 1283 1.0
190 809 1.0
191 299 1.0
192 1156 1.0
195 447 1.0
198 1042 1.0
199 506 1.0
199 1542 1.0
200 1196 1.0
200 394 1.0
200 318 1.0
207 82 1.0
209 5 1.0
212 1056 1.0
214 1199 1.0
214 1186 1.0
216 1241 1.0
219 824 1.0
220 187 1.0
220 1419 1.0
221 937 1.0
221 577 1.0
221 314 1.0
221 272 1.0
221 781 1.0
222 508 1.0
222 1146 1.0
222 488 1.0
222 1397 1.0
222 635 1.0
226 1207 1.0
226 447 1.0
226 1544 1.0
226 456 1.0
226 344 1.0
226 195 1.0
227 717 1.0
227 1167 1.0
230 872 1.0
230 1038 1.0
231 476 1.0
237 508 1.0
239 1186 1.0
239 776 1.0
239 917 1.0
239 488 1.0
239 545 1.0
239 682 1.0
240 1531 1.0
241 1434 1.0
241 1158 1.0
243 1077 1.0
243 1545 1.0
248 983 1.0
253 297 1.0
255 1504 1.0
255 102 1.0
255 553 1.0
255 856 1.0
260 1341 1.0
260 187 1.0
260 1503 1.0
262 181 1.0
262 60 1.0
266 1517 1.0
266 508 1.0
267 1547 1.0
267 435 1.0
267 1416 1.0
268 961 1.0
268 926 1.0
268 124 1.0
271 1535 1.0
271 1110 1.0
271 1130 1.0
271 299 1.0
271 570 1.0
271 1540 1.0
271 1179 1.0
271 507 1.0
272 937 1.0
272 221 1.0
277 811 1.0
277 508 1.0
280 717 1.0
281 1248 1.0
281 78 1.0
281 627 1.0
281 354 1.0
281 314 1.0
281 5 1.0
281 1354 1.0
281 187 1.0
281 738 1.0
281 781 1.0
281 1548 1.0
281 1301 1.0
281 862 1.0
281 451 1.0
281 715 1.0
281 1191 1.0
283 1287 1.0
283 1173 1.0
284 701 1.0
284 937 1.0
284 738 1.0
284 1397 1.0
284 1480 1.0
290 77 1.0
296 508 1.0
297 128 1.0
297 435 1.0
297 964 1.0
297 1549 1.0
297 508 1.0
297 968 1.0
297 1550 1.0
297 1158 1.0
297 253 1.0
297 187 1.0
297 159 1.0
297 88 1.0
297 1146 1.0
297 28 1.0
297 409 1.0
297 1397 1.0
297 1354 1.0
299 271 1.0
299 1465 1.0
299 160 1.0
299 848 1.0
299 794 1.0
299 309 1.0
299 763 1.0
299 701 1.0
299 191 1.0
299 937 1.0
300 15 1.0
303 797 1.0
304 682 1.0
305 225 1.0
305 1211 1.0
306 904 1.0
306 187 1.0
306 1272 1.0
306 630 1.0
309 299 1.0
309 1191 1.0
311 781 1.0
311 998 1.0
311 401 1.0
311 187 1.0
311 1347 1.0
311 281 1.0
311 425 1.0
311 857 1.0
312 28 1.0
312 715 1.0
312 891 1.0
312 902 1.0
312 567 1.0
312 508 1.0
312 187 1.0
312 627 1.0
312 435 1.0
313 917 1.0
314 78 1.0
314 187 1.0
314 1548 1.0
314 354 1.0
314 1152 1.0
314 738 1.0
314 862 1.0
315 1533 1.0
316 968 1.0
316 508 1.0
316 856 1.0
318 763 1.0
318 1551 1.0
318 200 1.0
318 187 1.0
318 1058 1.0
318 1212 1.0
318 677 1.0
319 1298 1.0
319 1281 1.0
319 1228 1.0
319 35 1.0
321 1552 1.0
327 336 1.0
335 532 1.0
339 1032 1.0
340 508 1.0
344 1271 1.0
344 553 1.0
344 93 1.0
352 444 1.0
352 534 1.0
352 1055 1.0
352 536 1.0
354 862 1.0
354 1013 1.0
354 1164 1.0
354 738 1.0
354 314 1.0
354 78 1.0
360 805 1.0
360 1330 1.0
360 1467 1.0
360 751 1.0
360 515 1.0
360 432 1.0
360 1287 1.0
360 164 1.0
360 1506 1.0
360 371 1.0
360 897 1.0
360 153 1.0
363 627 1.0
371 432 1.0
371 515 1.0
371 360 1.0
372 1481 1.0
377 1553 1.0
377 770 1.0
379 378 1.0
379 1040 1.0
379 338 1.0
386 1038 1.0
394 187 1.0
394 627 1.0
394 1354 1.0
395 1465 1.0
396 615 1.0
396 867 1.0
396 579 1.0
396 693 1.0
396 187 1.0
396 488 1.0
396 1367 1.0
396 508 1.0
396 1059 1.0
398 1298 1.0
401 857 1.0
401 781 1.0
401 937 1.0
401 187 1.0
401 763 1.0
401 988 1.0
401 715 1.0
401 311 1.0
402 594 1.0
402 896 1.0
405 435 1.0
405 477 1.0
406 622 1.0
409 88 1.0
409 577 1.0
410 168 1.0
416 1555 1.0
416 95 1.0
416 1534 1.0
419 432 1.0
419 577 1.0
419 133 1.0
419 281 1.0
419 314 1.0
419 541 1.0
419 781 1.0
421 1248 1.0
422 427 1.0
422 105 1.0
424 1538 1.0
424 1294 1.0
425 78 1.0
425 715 1.0
425 1248 1.0
425 1152 1.0
425 862 1.0
425 738 1.0
426 1103 1.0
426 312 1.0
427 422 1.0
427 1195 1.0
427 1438 1.0
429 1333 1.0
431 627 1.0
432 1506 1.0
432 515 1.0
432 153 1.0
432 1557 1.0
432 635 1.0
432 768 1.0
432 1330 1.0
432 507 1.0
432 751 1.0
432 419 1.0
432 1387 1.0
432 1396 1.0
432 1414 1.0
432 498 1.0
432 1287 1.0
432 1017 1.0
432 860 1.0
432 360 1.0
432 1382 1.0
432 583 1.0
432 371 1.0
432 805 1.0
435 134 1.0
435 917 1.0
435 1415 1.0
435 715 1.0
435 28 1.0
435 477 1.0
435 508 1.0
435 187 1.0
435 724 1.0
435 545 1.0
435 627 1.0
435 159 1.0
435 1412 1.0
435 1397 1.0
435 267 1.0
435 405 1.0
440 507 1.0
444 534 1.0
444 352 1.0
444 536 1.0
444 1055 1.0
446 1556 1.0
447 195 1.0
451 1419 1.0
451 1181 1.0
451 627 1.0
451 1548 1.0
451 567 1.0
451 281 1.0
451 220 1.0
451 781 1.0
451 311 1.0
451 1558 1.0
451 790 1.0
451 1201 1.0
451 1478 1.0
451 1136 1.0
451 1559 1.0
456 293 1.0
462 697 1.0
463 1064 1.0
466 163 1.0
466 1157 1.0
467 169 1.0
471 508 1.0
476 231 1.0
476 576 1.0
477 545 1.0
477 917 1.0
477 435 1.0
477 1415 1.0
477 405 1.0
480 675 1.0
480 1211 1.0
482 37 1.0
483 701 1.0
484 632 1.0
484 1270 1.0
484 1560 1.0
484 1561 1.0
484 1224 1.0
484 1562 1.0
484 872 1.0
484 1018 1.0
484 1563 1.0
484 1564 1.0
484 701 1.0
484 391 1.0
487 763 1.0
488 239 1.0
488 222 1.0
488 1186 1.0
488 396 1.0
488 508 1.0
488 930 1.0
488 1565 1.0
488 545 1.0
488 776 1.0
489 1101 1.0
489 882 1.0
489 264 1.0
489 1139 1.0
489 1492 1.0
490 394 1.0
492 1039 1.0
495 1186 1.0
498 1017 1.0
498 583 1.0
498 176 1.0
498 515 1.0
498 1414 1.0
498 432 1.0
498 164 1.0
501 1186 1.0
502 326 1.0
505 738 1.0
507 937 1.0
507 432 1.0
507 1064 1.0
507 1406 1.0
507 271 1.0
507 440 1.0
508 187 1.0
508 1566 1.0
508 616 1.0
508 277 1.0
508 1032 1.0
508 1426 1.0
508 488 1.0
508 113 1.0
508 88 1.0
508 1219 1.0
508 693 1.0
508 1146 1.0
508 617 1.0
508 573 1.0
508 964 1.0
508 930 1.0
508 79 1.0
508 1288 1.0
508 1077 1.0
508 296 1.0
508 222 1.0
508 1480 1.0
508 1275 1.0
508 1059 1.0
508 119 1.0
508 316 1.0
508 1462 1.0
508 1156 1.0
508 312 1.0
508 891 1.0
508 1205 1.0
508 1387 1.0
508 237 1.0
508 1335 1.0
508 1186 1.0
508 615 1.0
508 955 1.0
508 627 1.0
508 435 1.0
508 393 1.0
508 333 1.0
508 28 1.0
508 340 1.0
508 1507 1.0
508 657 1.0
508 1148 1.0
508 985 1.0
508 471 1.0
508 1397 1.0
508 545 1.0
508 297 1.0
508 1391 1.0
508 1127 1.0
508 396 1.0
508 1103 1.0
508 1367 1.0
508 579 1.0
508 266 1.0
508 1567 1.0
509 1568 1.0
513 142 1.0
513 1206 1.0
515 371 1.0
515 164 1.0
515 1017 1.0
515 432 1.0
515 1414 1.0
515 498 1.0
520 597 1.0
523 1211 1.0
523 1359 1.0
527 670 1.0
527 956 1.0
527 1397 1.0
531 1569 1.0
532 335 1.0
533 1570 1.0
533 166 1.0
534 536 1.0
534 1055 1.0
534 352 1.0
534 444 1.0
536 1055 1.0
536 352 1.0
536 534 1.0
536 444 1.0
538 501 1.0
542 1571 1.0
542 1572 1.0
543 837 1.0
545 508 1.0
545 1201 1.0
545 964 1.0
545 1186 1.0
545 652 1.0
545 28 1.0
545 682 1.0
545 968 1.0
545 402 1.0
545 187 1.0
545 239 1.0
545 1146 1.0
545 477 1.0
545 488 1.0
545 435 1.0
545 222 1.0
545 917 1.0
545 627 1.0
545 715 1.0
545 776 1.0
545 122 1.0
545 930 1.0
545 1397 1.0
549 891 1.0
551 1524 1.0
551 1326 1.0
551 187 1.0
551 1573 1.0
552 115 1.0
555 318 1.0
555 1554 1.0
560 1574 1.0
561 1211 1.0
563 705 1.0
563 479 1.0
563 1575 1.0
563 61 1.0
563 809 1.0
563 1002 1.0
567 28 1.0
567 312 1.0
567 318 1.0
567 220 1.0
567 187 1.0
567 1419 1.0
567 451 1.0
573 508 1.0
573 1576 1.0
577 937 1.0
577 314 1.0
577 409 1.0
577 133 1.0
580 1103 1.0
583 164 1.0
583 1414 1.0
583 1017 1.0
583 432 1.0
583 498 1.0
590 187 1.0
592 1329 1.0
592 1165 1.0
592 1222 1.0
604 617 1.0
604 1148 1.0
604 1216 1.0
604 1204 1.0
605 1023 1.0
611 908 1.0
615 693 1.0
615 508 1.0
615 1433 1.0
615 396 1.0
615 616 1.0
616 508 1.0
616 615 1.0
617 1148 1.0
617 836 1.0
617 1204 1.0
617 604 1.0
617 639 1.0
617 508 1.0
617 1124 1.0
617 1216 1.0
618 113 1.0
619 937 1.0
622 775 1.0
623 941 1.0
627 1146 1.0
627 682 1.0
627 5 1.0
627 361 1.0
627 363 1.0
627 451 1.0
627 998 1.0
627 715 1.0
627 1422 1.0
627 88 1.0
627 119 1.0
627 1191 1.0
627 435 1.0
627 166 1.0
627 427 1.0
627 187 1.0
627 431 1.0
627 616 1.0
627 669 1.0
627 1158 1.0
627 508 1.0
627 1397 1.0
628 1158 1.0
628 627 1.0
628 427 1.0
628 1354 1.0
628 361 1.0
630 306 1.0
631 736 1.0
631 1303 1.0
631 1580 1.0
631 1427 1.0
633 1480 1.0
635 222 1.0
635 1397 1.0
635 122 1.0
636 34 1.0
639 1204 1.0
639 1216 1.0
639 617 1.0
639 1148 1.0
639 604 1.0
643 163 1.0
644 1102 1.0
647 910 1.0
648 775 1.0
654 1300 1.0
654 92 1.0
658 271 1.0
658 311 1.0
660 1353 1.0
660 1343 1.0
664 1568 1.0
665 545 1.0
665 811 1.0
669 627 1.0
669 701 1.0
669 545 1.0
669 803 1.0
670 527 1.0
671 1271 1.0
671 1359 1.0
675 1211 1.0
678 1440 1.0
682 79 1.0
682 239 1.0
682 545 1.0
682 304 1.0
683 1268 1.0
684 392 1.0
693 615 1.0
694 1018 1.0
697 1200 1.0
697 462 1.0
701 781 1.0
701 299 1.0
701 483 1.0
701 937 1.0
710 715 1.0
711 98 1.0
715 1397 1.0
715 1158 1.0
715 435 1.0
715 311 1.0
715 1146 1.0
715 187 1.0
715 1480 1.0
715 508 1.0
715 401 1.0
715 1349 1.0
715 1503 1.0
715 710 1.0
715 425 1.0
715 281 1.0
715 627 1.0
715 1347 1.0
715 988 1.0
715 28 1.0
717 227 1.0
717 1167 1.0
720 1293 1.0
724 579 1.0
724 710 1.0
724 477 1.0
724 1415 1.0
724 435 1.0
724 615 1.0
724 405 1.0
724 214 1.0
727 297 1.0
732 1455 1.0
732 1584 1.0
734 1014 1.0
734 927 1.0
737 552 1.0
737 115 1.0
738 78 1.0
738 862 1.0
738 1248 1.0
738 314 1.0
738 505 1.0
738 1152 1.0
738 281 1.0
738 425 1.0
738 354 1.0
740 679 1.0
742 1585 1.0
747 1039 1.0
747 336 1.0
751 805 1.0
751 1506 1.0
751 1017 1.0
751 432 1.0
751 1586 1.0
751 176 1.0
758 1207 1.0
758 306 1.0
761 1201 1.0
763 487 1.0
763 937 1.0
763 401 1.0
763 857 1.0
763 299 1.0
768 432 1.0
768 360 1.0
770 377 1.0
771 209 1.0
772 904 1.0
772 271 1.0
772 1040 1.0
773 683 1.0
773 1268 1.0
775 648 1.0
775 1456 1.0
776 1186 1.0
780 1541 1.0
781 857 1.0
781 633 1.0
781 354 1.0
781 314 1.0
781 862 1.0
781 1347 1.0
781 311 1.0
781 5 1.0
781 187 1.0
781 763 1.0
781 78 1.0
781 937 1.0
781 133 1.0
781 401 1.0
781 1191 1.0
781 508 1.0
781 998 1.0
787 1588 1.0
789 447 1.0
789 908 1.0
790 1136 1.0
790 1040 1.0
794 299 1.0
797 562 1.0
797 303 1.0
803 701 1.0
803 738 1.0
804 928 1.0
805 1586 1.0
805 1075 1.0
805 153 1.0
805 751 1.0
805 1506 1.0
806 1346 1.0
806 905 1.0
807 628 1.0
809 190 1.0
811 824 1.0
811 1203 1.0
811 665 1.0
811 277 1.0
812 866 1.0
813 318 1.0
820 1538 1.0
823 60 1.0
823 999 1.0
823 1200 1.0
823 12 1.0
823 701 1.0
824 187 1.0
824 811 1.0
824 1063 1.0
824 160 1.0
824 271 1.0
824 1032 1.0
825 95 1.0
827 719 1.0
829 1167 1.0
836 617 1.0
837 543 1.0
841 214 1.0
841 1033 1.0
841 652 1.0
841 545 1.0
841 944 1.0
841 78 1.0
841 1124 1.0
841 617 1.0
842 1540 1.0
842 83 1.0
842 1589 1.0
846 864 1.0
846 1590 1.0
846 988 1.0
848 299 1.0
848 401 1.0
852 318 1.0
852 314 1.0
852 763 1.0
852 781 1.0
852 937 1.0
856 255 1.0
856 604 1.0
856 1148 1.0
856 1368 1.0
856 472 1.0
858 1087 1.0
861 488 1.0
861 87 1.0
861 1306 1.0
862 78 1.0
862 781 1.0
862 354 1.0
862 425 1.0
862 281 1.0
862 738 1.0
866 812 1.0
866 627 1.0
872 1061 1.0
882 1032 1.0
882 848 1.0
891 508 1.0
891 968 1.0
891 1531 1.0
891 187 1.0
891 1146 1.0
891 1158 1.0
891 549 1.0
891 1397 1.0
891 312 1.0
891 435 1.0
891 744 1.0
891 1015 1.0
891 964 1.0
891 1480 1.0
891 28 1.0
891 320 1.0
896 402 1.0
896 594 1.0
897 432 1.0
897 1287 1.0
897 751 1.0
897 360 1.0
897 1506 1.0
897 805 1.0
897 153 1.0
899 457 1.0
904 187 1.0
904 1272 1.0
905 1591 1.0
905 998 1.0
905 1592 1.0
910 647 1.0
910 948 1.0
913 1182 1.0
914 1593 1.0
917 477 1.0
917 435 1.0
917 239 1.0
917 122 1.0
917 545 1.0
917 222 1.0
917 964 1.0
925 1564 1.0
927 1014 1.0
928 804 1.0
930 488 1.0
930 1186 1.0
930 508 1.0
937 852 1.0
937 299 1.0
937 1032 1.0
937 401 1.0
937 507 1.0
937 701 1.0
937 577 1.0
937 272 1.0
937 1159 1.0
937 763 1.0
937 998 1.0
937 1507 1.0
937 781 1.0
937 857 1.0
940 1161 1.0
941 754 1.0
941 960 1.0
941 623 1.0
946 984 1.0
947 146 1.0
948 647 1.0
948 910 1.0
955 802 1.0
955 561 1.0
955 508 1.0
956 1397 1.0
960 941 1.0
960 623 1.0
962 534 1.0
964 974 1.0
964 140 1.0
964 1310 1.0
964 57 1.0
964 1595 1.0
964 1596 1.0
964 28 1.0
964 508 1.0
964 917 1.0
964 297 1.0
964 918 1.0
964 220 1.0
964 891 1.0
964 545 1.0
964 1397 1.0
964 1146 1.0
964 187 1.0
964 79 1.0
964 1186 1.0
965 1566 1.0
965 1 1.0
968 627 1.0
968 1146 1.0
968 1597 1.0
968 28 1.0
968 187 1.0
968 1158 1.0
968 297 1.0
968 1397 1.0
968 508 1.0
968 435 1.0
968 891 1.0
968 1186 1.0
968 545 1.0
968 964 1.0
968 715 1.0
968 1543 1.0
968 1434 1.0
969 233 1.0
973 1173 1.0
974 964 1.0
977 976 1.0
977 91 1.0
977 731 1.0
977 1555 1.0
977 28 1.0
977 1598 1.0
978 1167 1.0
982 829 1.0
982 1073 1.0
982 1167 1.0
982 227 1.0
982 146 1.0
983 248 1.0
985 508 1.0
988 715 1.0
988 1590 1.0
988 311 1.0
988 401 1.0
988 187 1.0
988 857 1.0
988 864 1.0
991 1148 1.0
998 311 1.0
998 1599 1.0
998 187 1.0
998 1347 1.0
998 627 1.0
999 622 1.0
999 1550 1.0
1000 681 1.0
1001 297 1.0
1001 897 1.0
1001 682 1.0
1001 79 1.0
1012 1370 1.0
1013 579 1.0
1013 1416 1.0
1013 502 1.0
1013 354 1.0
1013 1555 1.0
1013 508 1.0
1013 415 1.0
1013 1532 1.0
1013 1600 1.0
1013 657 1.0
1013 701 1.0
1014 927 1.0
1014 41 1.0
1015 891 1.0
1016 93 1.0
1017 515 1.0
1017 583 1.0
1017 498 1.0
1017 751 1.0
1017 432 1.0
1017 1414 1.0
1018 1231 1.0
1018 694 1.0
1018 484 1.0
1019 70 1.0
1019 99 1.0
1020 94 1.0
1020 1601 1.0
1021 187 1.0
1023 605 1.0
1023 1227 1.0
1032 1517 1.0
1032 763 1.0
1032 937 1.0
1033 1577 1.0
1033 161 1.0
1033 841 1.0
1038 230 1.0
1038 872 1.0
1038 1436 1.0
1038 386 1.0
1039 492 1.0
1040 1417 1.0
1040 1480 1.0
1040 1602 1.0
1041 1148 1.0
1041 604 1.0
1042 1535 1.0
1042 198 1.0
1047 194 1.0
1047 394 1.0
1055 352 1.0
1055 534 1.0
1055 536 1.0
1055 444 1.0
1056 606 1.0